5
-3.402823466
2254325435345
lala
-3.34543
1.423
3243124231432423423
10000000
-1324123412343124231432434213432
1234234934259889745747857438957984357893485734789570234952349545342
2314231423
2
241e+50
2.4523465443
-1000000000000
534543
23143214312.43534
1e+20
-2.64565347345784537457457547345745
3.43543253425243
1e+20

-22314.34254325
3.4432
-3.40282e+30
1.4234233425435234535234654333333333
98762.4324328679567876
3.8365769567834224231
0
31234.234234213498674536
-1.2342314e+15
1.000000000001
1.847563
3.6543
-34250.00000000000000000000153425345e+6
0.4352345234
-2
3.000005647564000657
98766.1

1.2e+20
-1.23455345342523453454358769678
4375687890234789234789234078923
0
50000000
6.223e+30
-1.25784353425348592345e+15
564536453654
0.0000000000002345000000000000000000000000001
-4534254231.2
14353425423534
4e+10
0
-1345432534.2
3425e+20
191
6.223e+30

10000000
13241234123431
12342349342745747857438324534632
2314231423
2
241e+50
-2.4523465443
1.324412e+30
22314.34254325
3.4432
-3.402582e+30
213423143242e+10
1.234234314e+15
1.000345000000001
1.84457563
-3.63543
52345435432
1.23423e+31

-3.402823466e+38
-3.402823466e+38
-3.402823466e+38
-3.402823466e+38
-3.402823466e+38
-3.402823466e+38
-3.402823466e+38
-3.402823466e+38
-3.402823466e+38
-3.402823466e+38
-3.402823466e+38
-3.402823466e+38
-3.402823466e+38
-3.402823466e+38
-3.402823466e+38
-3.402823466e+38
-6.80565e+38
